epoch	lr	train_loss	defect_iou	obj_recall	obj_precision	obj_f1	best_metric[f1_object]	is_best
1	0.001000	0.4202	0.3914	0.8000	0.4762	0.5970	0.5970	1
2	0.001000	0.3037	0.0352	0.9000	0.0712	0.1320	0.1320	0
3	0.000999	0.3046	0.0675	0.9600	0.0216	0.0423	0.0423	0
4	0.000998	0.2718	0.3944	0.8000	0.5797	0.6723	0.6723	1
5	0.000996	0.2937	0.0067	1.0000	0.0147	0.0291	0.0291	0
6	0.000994	0.2722	0.3697	0.7800	0.6500	0.7091	0.7091	1
7	0.000991	0.2878	0.3291	0.8400	0.3750	0.5185	0.5185	0
8	0.000988	0.2736	0.3898	0.7000	0.7292	0.7143	0.7143	1
9	0.000984	0.2770	0.4299	0.6600	0.8049	0.7253	0.7253	1
10	0.000980	0.2650	0.3759	0.8000	0.4651	0.5882	0.5882	0
11	0.000976	0.2695	0.3996	0.8000	0.5479	0.6504	0.6504	0
12	0.000970	0.2905	0.0033	1.0000	0.0285	0.0555	0.0555	0
13	0.000965	0.2488	0.1961	0.9600	0.1345	0.2359	0.2359	0
14	0.000959	0.2382	0.1558	0.6800	0.8095	0.7391	0.7391	1
15	0.000952	0.2416	0.1159	0.9200	0.1451	0.2507	0.2507	0
16	0.000946	0.2483	0.0143	0.9400	0.0422	0.0808	0.0808	0
17	0.000938	0.2433	0.1975	0.5800	0.8286	0.6824	0.6824	0
18	0.000930	0.2594	0.3704	0.7400	0.5068	0.6016	0.6016	0
19	0.000922	0.2647	0.3352	0.6600	0.6875	0.6735	0.6735	0
20	0.000914	0.2373	0.3546	0.7400	0.5068	0.6016	0.6016	0
21	0.000905	0.2346	0.0031	1.0000	0.0240	0.0469	0.0469	0
22	0.000895	0.2396	0.3005	0.6000	0.3947	0.4762	0.4762	0
23	0.000885	0.2265	0.2198	0.8000	0.2899	0.4255	0.4255	0
24	0.000875	0.2276	0.1727	0.5800	0.6905	0.6304	0.6304	0
25	0.000864	0.2294	0.3045	0.6800	0.5397	0.6018	0.6018	0
26	0.000854	0.2088	0.0418	0.6400	0.1808	0.2819	0.2819	0
27	0.000842	0.2064	0.3592	0.5600	0.8750	0.6829	0.6829	0
28	0.000831	0.2381	0.3465	0.7800	0.6000	0.6783	0.6783	0
29	0.000819	0.2359	0.4313	0.5800	0.8286	0.6824	0.6824	0
30	0.000806	0.2051	0.3895	0.6000	0.8571	0.7059	0.7059	0
31	0.000794	0.2293	0.4525	0.6000	0.9091	0.7229	0.7229	0
32	0.000781	0.1985	0.3479	0.5800	0.9667	0.7250	0.7250	0
33	0.000768	0.2138	0.4273	0.5600	0.8485	0.6747	0.6747	0
34	0.000755	0.2022	0.4187	0.7400	0.8605	0.7957	0.7957	1
35	0.000741	0.2074	0.2855	0.7000	0.7447	0.7216	0.7216	0
36	0.000727	0.1918	0.3261	0.6800	0.5763	0.6239	0.6239	0
37	0.000713	0.2126	0.3973	0.7200	0.8372	0.7742	0.7742	0
38	0.000699	0.2043	0.4096	0.6200	0.8158	0.7045	0.7045	0
39	0.000684	0.1835	0.4566	0.6600	0.9429	0.7765	0.7765	0
40	0.000669	0.1887	0.3613	0.6800	0.8293	0.7473	0.7473	0
41	0.000655	0.2139	0.2683	0.7400	0.3627	0.4868	0.4868	0
42	0.000639	0.2062	0.4582	0.6200	0.7381	0.6739	0.6739	0
43	0.000624	0.1797	0.3910	0.6200	0.4559	0.5254	0.5254	0
44	0.000609	0.2005	0.4456	0.6400	0.9143	0.7529	0.7529	0
45	0.000594	0.1819	0.2560	0.8800	0.1606	0.2716	0.2716	0
46	0.000578	0.1763	0.1481	0.7200	0.3077	0.4311	0.4311	0
47	0.000563	0.1848	0.3956	0.6600	0.8919	0.7586	0.7586	0
48	0.000547	0.1645	0.4293	0.6600	0.9167	0.7674	0.7674	0
49	0.000531	0.1731	0.4092	0.6200	0.7045	0.6596	0.6596	0
50	0.000516	0.1780	0.3857	0.8800	0.4944	0.6331	0.6331	0
51	0.000500	0.1992	0.0219	0.8600	0.0470	0.0892	0.0892	0
52	0.000484	0.1697	0.4769	0.8000	0.7407	0.7692	0.7692	0
53	0.000469	0.1784	0.4838	0.7400	0.7708	0.7551	0.7551	0
54	0.000453	0.1632	0.4554	0.6400	0.7442	0.6882	0.6882	0
55	0.000437	0.1553	0.4686	0.6600	0.8250	0.7333	0.7333	0
56	0.000422	0.1713	0.4501	0.6600	0.9429	0.7765	0.7765	0
57	0.000406	0.1646	0.1427	0.8200	0.1839	0.3004	0.3004	0
58	0.000391	0.1601	0.4657	0.7800	0.7358	0.7573	0.7573	0
59	0.000376	0.1384	0.4755	0.7600	0.7037	0.7308	0.7308	0
60	0.000361	0.1594	0.4245	0.8800	0.5641	0.6875	0.6875	0
61	0.000345	0.1477	0.4635	0.6200	0.9118	0.7381	0.7381	0
62	0.000331	0.1453	0.4762	0.7000	0.7609	0.7292	0.7292	0
63	0.000316	0.1514	0.0976	0.6000	0.1235	0.2048	0.2048	0
64	0.000301	0.1494	0.4634	0.8000	0.6780	0.7339	0.7339	0
65	0.000287	0.1531	0.4637	0.6200	0.9118	0.7381	0.7381	0
66	0.000273	0.1708	0.4617	0.7400	0.8222	0.7789	0.7789	0
67	0.000259	0.1273	0.4202	0.7000	0.8333	0.7609	0.7609	0
68	0.000245	0.1488	0.4849	0.7000	0.7955	0.7447	0.7447	0
69	0.000232	0.1465	0.4811	0.6800	0.6939	0.6869	0.6869	0
70	0.000219	0.1380	0.4995	0.7000	0.8537	0.7692	0.7692	0
71	0.000206	0.1522	0.4781	0.7400	0.7708	0.7551	0.7551	0
72	0.000194	0.1284	0.4721	0.8200	0.7193	0.7664	0.7664	0
73	0.000181	0.1356	0.5245	0.7200	0.8372	0.7742	0.7742	0
74	0.000169	0.1322	0.4907	0.7400	0.9024	0.8132	0.8132	1
75	0.000158	0.1242	0.5096	0.7200	0.8372	0.7742	0.7742	0
76	0.000146	0.1304	0.4857	0.7200	0.7826	0.7500	0.7500	0
77	0.000136	0.1329	0.4497	0.8200	0.6721	0.7387	0.7387	0
78	0.000125	0.1169	0.4966	0.7200	0.8372	0.7742	0.7742	0
79	0.000115	0.1342	0.5052	0.7400	0.8810	0.8043	0.8043	0
80	0.000105	0.1302	0.4885	0.7200	0.7826	0.7500	0.7500	0
81	0.000095	0.1195	0.4847	0.7200	0.7200	0.7200	0.7200	0
82	0.000086	0.1269	0.5149	0.7400	0.7551	0.7475	0.7475	0
83	0.000078	0.1108	0.5006	0.7200	0.6792	0.6990	0.6990	0
84	0.000070	0.1242	0.3923	0.7400	0.6852	0.7115	0.7115	0
85	0.000062	0.1325	0.5111	0.7200	0.8182	0.7660	0.7660	0
86	0.000054	0.1249	0.5108	0.7400	0.8043	0.7708	0.7708	0
87	0.000048	0.1283	0.5025	0.6800	0.8947	0.7727	0.7727	0
88	0.000041	0.1245	0.4903	0.6800	0.8947	0.7727	0.7727	0
89	0.000035	0.1252	0.5129	0.7200	0.7826	0.7500	0.7500	0
90	0.000030	0.1175	0.4979	0.7000	0.9459	0.8046	0.8046	0
91	0.000024	0.1218	0.4966	0.7200	0.7347	0.7273	0.7273	0
92	0.000020	0.1195	0.5174	0.7600	0.7917	0.7755	0.7755	0
93	0.000016	0.1257	0.5159	0.6800	0.8947	0.7727	0.7727	0
94	0.000012	0.1210	0.5277	0.7600	0.8085	0.7835	0.7835	0
95	0.000009	0.1196	0.5179	0.7400	0.8409	0.7872	0.7872	0
96	0.000006	0.1151	0.4848	0.7600	0.7308	0.7451	0.7451	0
97	0.000004	0.1102	0.5169	0.7600	0.8636	0.8085	0.8085	0
98	0.000002	0.1276	0.3868	0.7800	0.6724	0.7222	0.7222	0
99	0.000001	0.1242	0.5268	0.7400	0.8222	0.7789	0.7789	0
100	0.000000	0.1225	0.5045	0.7200	0.8000	0.7579	0.7579	0
